70.11469.82
Time_days      V    Verr    R    Rerr
  383.59     18.728    0.075   17.993    0.063
  398.76     18.776    0.101   18.010    0.083
  419.70     18.814    0.086   18.066    0.069
  436.62     18.980    0.128   18.049    0.074
  471.60     18.919    0.091   18.098    0.064
  494.53    -99.000  -99.000   18.029    0.101
  501.49     18.793    0.101   18.047    0.078
  563.83     18.757    0.095   18.090    0.081
  573.78     18.852    0.125   18.134    0.094
  593.78     18.722    0.091   17.998    0.071
  601.68     18.779    0.082   18.016    0.058
  633.67     18.630    0.064   17.949    0.051
  646.70     18.635    0.086   17.903    0.066
  659.69     18.685    0.069   17.919    0.052
  663.72     18.707    0.074   17.907    0.054
  686.70     18.700    0.070   17.983    0.059
  692.58     18.757    0.086   18.006    0.063
  767.65     18.784    0.091   18.052    0.074
  776.72     18.817    0.093   18.056    0.071
  803.61     18.778    0.079   17.969    0.058
  826.63     18.709    0.095   17.927    0.068
  838.59     18.753    0.136   18.026    0.098
  907.74     18.755    0.139   18.009    0.087
  914.76    -99.000  -99.000   17.812    0.115
  923.76     18.677    0.080   17.972    0.062
  930.74     18.353    0.094   17.803    0.077
  936.80     18.561    0.073   17.911    0.060
  943.72     18.606    0.078   17.908    0.062
  949.79     18.494    0.073   17.820    0.060
  956.73     18.485    0.050   17.879    0.044
  968.77     18.459    0.065   17.793    0.056
  984.70     18.501    0.084   17.794    0.064
  993.74     18.332    0.110   17.645    0.069
 1007.71     18.587    0.065   17.844    0.051
 1016.73     18.676    0.047   17.940    0.038
 1026.68     18.648    0.052   17.947    0.044
 1076.61     18.648    0.053  -99.000  -99.000
 1094.57     18.583    0.050   17.878    0.042
 1106.61     18.715    0.069   17.894    0.051
 1117.64     18.483    0.061   17.761    0.050
 1123.76     18.654    0.064  -99.000  -99.000
 1129.60     18.359    0.060   17.790    0.053
 1141.56     18.575    0.070   17.828    0.050
 1165.55     18.689    0.124   17.919    0.088
 1174.65     18.905    0.107   17.990    0.064
 1186.60     18.852    0.095   18.013    0.064
 1206.56     18.689    0.064   17.904    0.049
 1306.65     17.934    0.072   17.425    0.071
 1314.67     18.260    0.127   17.604    0.080
 1318.72     18.325    0.070   17.617    0.046
 1320.62     18.239    0.108   17.698    0.082
 1324.66     18.288    0.057   17.628    0.051
 1330.78     18.303    0.044   17.665    0.037
 1349.71     18.281    0.059   17.629    0.045
 1359.69     18.239    0.040   17.650    0.037
 1364.72     18.288    0.051   17.614    0.041
 1382.69     18.359    0.049   17.648    0.039
 1465.71     18.345    0.051   17.672    0.042
 1486.69     18.398    0.048   17.654    0.045
 1570.49     18.554    0.063   17.758    0.048
 1574.50     18.446    0.077   17.644    0.053
 1594.52     18.366    0.055   17.655    0.050
 1681.81     18.260    0.093   17.618    0.080
 1727.74     18.173    0.065   17.530    0.057
 1746.76     18.309    0.049   17.602    0.044
 1747.64     18.334    0.036   17.682    0.031
 1756.66     18.366    0.047   17.699    0.037
 1773.64     18.262    0.049   17.567    0.042
 1782.64     18.275    0.050   17.608    0.047
 1789.62     18.240    0.064   17.598    0.058
 1805.71     18.323    0.052   17.634    0.047
 1814.70     18.261    0.048   17.572    0.045
 1828.58     18.330    0.046   17.656    0.043
 1838.70     18.351    0.052   17.684    0.051
 1855.66     18.446    0.046   17.673    0.036
 1860.50     18.402    0.043   17.690    0.036
 1863.56     18.424    0.046   17.684    0.039
 1871.72     18.260    0.065   17.528    0.047
 1874.53     18.346    0.060   17.648    0.050
 1884.61     18.404    0.056   17.674    0.046
 1887.59     18.324    0.051   17.654    0.047
 1896.55     18.198    0.055   17.643    0.061
 1898.65     18.227    0.061   17.563    0.054
 1902.59     18.248    0.061   17.603    0.054
 1904.68     18.363    0.083   17.656    0.061
 1907.60     17.987    0.093   17.464    0.074
 1910.64     18.358    0.073   17.625    0.049
 1912.57     18.290    0.072   17.538    0.051
 1917.49     17.666    0.164  -99.000  -99.000
 1920.55     18.196    0.058   17.517    0.048
 1923.61     18.269    0.060   17.587    0.048
 1927.57     18.221    0.063   17.530    0.049
 1930.44     18.066    0.058   17.432    0.050
 1934.48     18.106    0.060   17.436    0.046
 1942.41     18.285    0.048   17.577    0.042
 1946.43     18.087    0.050   17.449    0.047
 1953.43     18.070    0.070   17.378    0.056
 1956.49     18.198    0.060   17.519    0.051
 1959.36     18.212    0.061   17.519    0.050
 1972.39     18.329    0.062   17.605    0.051
 1977.43     18.394    0.066   17.669    0.053
 1982.80     18.186    0.090   17.475    0.064
 1986.42     18.376    0.073   17.625    0.050
 1991.44     18.128    0.088   17.483    0.063
 1994.81     18.083    0.046   17.516    0.051
 2008.37     18.140    0.056   17.466    0.046
 2028.76     17.962    0.047   17.475    0.050
 2035.75     17.963    0.046   17.397    0.047
 2038.76     17.764    0.046   17.277    0.056
 2047.69     17.869    0.040   17.395    0.051
 2051.80     17.886    0.041   17.339    0.044
 2056.62    -99.000  -99.000   17.405    0.054
 2057.81     17.849    0.045   17.341    0.049
 2059.76     17.926    0.074   17.382    0.071
 2076.77     18.016    0.054   17.405    0.051
 2080.67     18.140    0.049   17.564    0.043
 2084.80     18.085    0.056   17.429    0.046
 2093.64     18.142    0.035   17.556    0.035
 2095.68     18.023    0.042   17.476    0.046
 2097.67     18.055    0.042   17.467    0.042
 2101.69     18.035    0.055   17.447    0.053
 2106.74     18.083    0.047   17.503    0.047
 2108.62     17.945    0.060   17.351    0.055
 2109.73     17.958    0.050   17.359    0.046
 2111.60     17.987    0.051   17.460    0.051
 2112.76     17.758    0.080   17.410    0.090
 2118.70     18.050    0.058   17.477    0.056
 2121.53     18.044    0.042   17.485    0.044
 2122.75     18.224    0.045   17.557    0.037
 2136.73     18.056    0.050   17.428    0.048
 2145.69     18.127    0.063   17.440    0.049
 2147.71     18.075    0.050   17.426    0.046
 2152.56     17.872    0.046   17.303    0.049
 2154.64     17.993    0.043   17.379    0.041
 2161.68     18.090    0.055   17.410    0.046
 2170.62     18.159    0.045   17.504    0.040
 2173.72     18.052    0.059   17.422    0.052
 2179.66     17.995    0.064   17.354    0.057
 2181.66     18.100    0.053   17.426    0.045
 2186.50     18.086    0.079   17.414    0.065
 2189.64     18.164    0.052   17.524    0.047
 2195.69     18.158    0.051   17.519    0.049
 2207.60     18.114    0.060   17.502    0.053
 2211.64     18.206    0.049   17.519    0.043
 2213.66     18.081    0.049   17.479    0.048
 2217.65     18.146    0.047   17.479    0.044
 2219.73     18.134    0.056   17.510    0.054
 2222.67     18.178    0.052   17.525    0.048
 2229.52     18.083    0.050   17.519    0.052
 2236.54     17.879    0.054   17.313    0.046
 2238.70     18.092    0.059   17.450    0.049
 2240.61     17.789    0.047   17.265    0.049
 2242.63     18.064    0.050   17.469    0.047
 2244.62     18.005    0.058   17.334    0.046
 2246.65     18.016    0.059   17.439    0.054
 2251.64     17.970    0.054   17.360    0.047
 2255.57     18.062    0.093   17.382    0.071
 2257.69     17.825    0.048   17.212    0.042
 2259.55     18.076    0.061   17.441    0.051
 2261.69    -99.000  -99.000   17.324    0.051
 2285.45     18.319    0.045   17.632    0.051
 2287.50     18.223    0.065   17.574    0.063
 2310.46     18.243    0.056   17.807    0.085
 2319.43     18.211    0.066   17.754    0.076
 2329.40     18.151    0.054   17.551    0.065
 2350.38     18.166    0.066   17.209    0.023
 2358.35     18.220    0.058   17.505    0.057
 2368.36     18.053    0.053   17.341    0.054
 2372.83     17.978    0.047   17.453    0.056
 2381.78     17.949    0.046   17.445    0.054
 2405.72     17.826    0.055   17.291    0.052
 2411.72     18.087    0.048   17.474    0.040
 2426.74     18.050    0.046   17.501    0.050
 2433.64     18.021    0.044   17.441    0.043
 2438.69     17.963    0.057   17.344    0.043
 2449.69     18.022    0.046   17.452    0.047
 2461.57     18.051    0.071   17.550    0.075
 2463.57     17.930    0.041   17.409    0.046
 2466.59     18.208    0.087   17.516    0.066
 2478.56     17.982    0.042   17.399    0.039
 2483.57     17.856    0.062   17.434    0.072
 2486.72     18.054    0.046   17.423    0.041
 2489.61     18.017    0.050   17.409    0.050
 2491.68     18.044    0.048   17.419    0.046
 2496.65     18.289    0.052   17.626    0.040
 2508.51     18.125    0.046   17.570    0.049
 2513.62     18.157    0.044   17.522    0.044
 2513.68     18.116    0.046   17.536    0.049
 2518.54     18.162    0.049   17.558    0.050
 2524.67     18.172    0.048   17.517    0.041
 2534.56     18.052    0.050   17.472    0.052
 2544.68     18.058    0.058   17.276    0.036
 2548.60     18.215    0.033   17.523    0.040
 2553.59     18.125    0.056  -99.000  -99.000
 2557.63     18.106    0.060   17.142    0.023
 2560.52     18.168    0.052  -99.000  -99.000
 2561.73     18.300    0.072   17.589    0.050
 2566.75     18.305    0.073   17.621    0.051
 2572.58     18.206    0.043   17.471    0.025
 2583.69     18.241    0.051   17.640    0.053
 2591.74     18.175    0.059  -99.000  -99.000
 2600.70     18.174    0.054   17.453    0.046
 2604.63     18.190    0.058   17.476    0.051
 2608.71     18.220    0.055   17.587    0.042
 2618.50     18.279    0.056   17.324    0.026
 2618.65     18.217    0.081   17.118    0.022
 2623.61     18.307    0.056   17.548    0.052
 2626.54     18.237    0.049   17.466    0.032
 2628.46     18.180    0.049   17.573    0.043
 2637.46     18.222    0.052   17.334    0.020
 2642.53     17.997    0.069  -99.000  -99.000
 2655.38     18.156    0.082   17.546    0.071
 2658.53     18.027    0.068   17.487    0.064
 2664.44     18.137    0.055   17.546    0.053
 2670.39     18.185    0.073   17.546    0.060
 2679.40     18.327    0.057   17.647    0.051
 2682.38     18.283    0.077   17.546    0.060
 2685.38     18.334    0.052   17.636    0.047
 2692.40     18.381    0.056   17.647    0.046
 2696.44     18.349    0.089   17.615    0.060
 2707.38     18.418    0.051   17.674    0.042
 2732.38     18.100    0.077   17.446    0.062
 2758.75     17.770    0.048  -99.000  -99.000
 2769.70     17.834    0.047   17.280    0.044
 2772.75     17.595    0.043   17.064    0.047
 2782.76     17.873    0.040   17.312    0.043
 2785.75     17.834    0.038   17.311    0.043
 2788.78     17.867    0.039   17.347    0.046
 2797.69     17.999    0.041   17.468    0.042
 2800.73     18.040    0.039   17.471    0.040
 2808.71     18.050    0.050   17.426    0.050
 2811.70     18.143    0.040   17.522    0.038
 2816.68     18.142    0.051   17.484    0.046
 2817.78     18.178    0.040   17.557    0.045
 2826.68     18.267    0.046   17.620    0.040
 2835.74     18.248    0.039   17.584    0.039
 2840.56     18.284    0.045   17.646    0.043
 2847.64     18.272    0.069   17.536    0.051
 2849.58     18.307    0.077   17.557    0.056
 2854.65     18.328    0.077   17.700    0.058
 2856.51     18.286    0.051   17.654    0.048
 2861.53     18.316    0.062   17.660    0.057
 2866.51     18.266    0.058   17.621    0.056
 2869.55     18.321    0.056   17.669    0.055
 2871.63     18.359    0.045   17.652    0.039
 2886.49     18.508    0.083   17.758    0.060
 2889.63     18.528    0.050   17.760    0.040
 2890.74     18.530    0.069   17.860    0.060
 2892.59     18.470    0.072   17.725    0.055
 2909.61     18.421    0.076   17.665    0.055
 2918.73     18.195    0.056  -99.000  -99.000
 2923.61     18.177    0.047  -99.000  -99.000
